(196, 219, 130.0)
(206, 294, -0)
(206, 295, -0)
(206, 296, -0)
(206, 298, -0)
(206, 297, -0)
(208, 297, 100.0)
(208, 296, 100.0)
(208, 295, 100.0)
(213, 326, 130.0)
(212, 326, 130.0)
(181, 342, 130.0)
(181, 343, 130.0)
(196, 357, 130.0)
(195, 357, 130.0)
(196, 355, 130.0)
(219, 336, 130.0)
(228, 300, 130.0)
(152, 43, 160.0)
(154, 42, 160.0)
(125, 55, 190.0)
(124, 62, -0)
(124, 63, -0)
(148, 60, -0)
(147, 60, -0)
(146, 60, -0)
(231, 81, 30.0)
(230, 81, 30.0)
(229, 81, 30.0)
(215, 80, 30.0)
(191, 218, 0)
(292, 249, 200)
(293, 251, 200)
(294, 251, 200)
(207, 293, 600)
(207, 294, 600)
(256, 273, 600)
(256, 272, 600)
(255, 272, 600)
(180, 343, 150)
(182, 342, 150)
(183, 341, 150)
(196, 356, 150)
(236, 311, 30)
(234, 311, 30)
(235, 311, 30)
(234, 312, 30)
(298, 200, 60)
(299, 200, 60)
(300, 200, 60)
(301, 200, 60)
(302, 200, 60)
(303, 200, 60)
(296, 201, 60)
(297, 201, 60)
(298, 201, 60)
(299, 201, 60)
(300, 201, 60)
(301, 201, 60)
(302, 201, 60)
(303, 201, 60)
(293, 202, 60)
(294, 202, 60)
(295, 202, 60)
(296, 202, 60)
(297, 202, 60)
(298, 202, 60)
(299, 202, 60)
(300, 202, 60)
(301, 202, 60)
(302, 202, 60)
(303, 202, 60)
(293, 203, 60)
(294, 203, 60)
(295, 203, 60)
(296, 203, 60)
(292, 204, 60)
(293, 204, 60)
(294, 204, 60)
(291, 205, 60)
(292, 205, 60)
(293, 205, 60)
(288, 206, 60)
(289, 206, 60)
(290, 206, 60)
(291, 206, 60)
(292, 206, 60)
